5 7321.46
5.00334 -5.16651e+17
5.00669 -8.51816e+17
5.01003 -1.03094e+18
5.01338 -1.07948e+18
5.01672 -1.02289e+18
5.02007 -8.86605e+17
5.02341 -6.96087e+17
5.02676 -4.76782e+17
5.0301 -2.54141e+17
5.03344 -5.36146e+16
5.03679 1.01118e+17
5.04013 2.05275e+17
5.04348 2.65514e+17
5.04682 2.88652e+17
5.05017 2.81506e+17
5.05351 2.50893e+17
5.05686 2.03629e+17
5.0602 1.46532e+17
5.06355 8.64188e+16
5.06689 3.01056e+16
5.07023 -1.56681e+16
5.07358 -4.76217e+16
5.07692 -6.72356e+16
5.08027 -7.63373e+16
5.08361 -7.6754e+16
5.08696 -7.0313e+16
5.0903 -5.88416e+16
5.09365 -4.41671e+16
5.09699 -2.81169e+16
5.10033 -1.25183e+16
5.10368 8.01702e+14
5.10702 1.04863e+16
5.11037 1.67129e+16
5.11371 1.99712e+16
5.11706 2.07508e+16
5.1204 1.95414e+16
5.12375 1.68325e+16
5.12709 1.31139e+16
5.13043 8.875e+15
5.13378 4.60556e+15
5.13712 7.95181e+14
5.14047 -2.11174e+15
5.14381 -4.05297e+15
5.14716 -5.15823e+15
5.1505 -5.55872e+15
5.15385 -5.38563e+15
5.15719 -4.77014e+15
5.16054 -3.84346e+15
5.16388 -2.73676e+15
5.16722 -1.58124e+15
5.17057 -5.08094e+14
5.17391 3.54015e+14
5.17726 9.50753e+14
5.1806 1.31263e+15
5.18395 1.47479e+15
5.18729 1.47238e+15
5.19064 1.34052e+15
5.19398 1.11436e+15
5.19732 8.29046e+14
5.20067 5.19708e+14
5.20401 2.21489e+14
5.20736 -3.04902e+13
5.2107 -2.11947e+14
5.21405 -3.27525e+14
5.21739 -3.86643e+14
5.22074 -3.98722e+14
5.22408 -3.7318e+14
5.22742 -3.19437e+14
5.23077 -2.46912e+14
5.23411 -1.65025e+14
5.23746 -8.31946e+13
5.2408 -1.08403e+13
5.24415 4.37458e+13
5.24749 7.99088e+13
5.25084 1.00162e+14
5.25418 1.07031e+14
5.25753 1.03037e+14
5.26087 9.07059e+13
5.26421 7.25609e+13
5.26756 5.1126e+13
5.2709 2.89251e+13
5.27425 8.48216e+12
5.27759 -7.75309e+12
5.28094 -1.88996e+13
5.28428 -2.5574e+13
5.28763 -2.84523e+13
5.29097 -2.8211e+13
5.29431 -2.55262e+13
5.29766 -2.10742e+13
5.301 -1.55313e+13
5.30435 -9.57363e+12
5.30769 -3.87756e+12
5.31104 8.81981e+11
5.31438 4.27698e+12
5.31773 6.41767e+12
5.32107 7.48519e+12
5.32441 7.66067e+12
5.32776 7.12526e+12
5.3311 6.06008e+12
5.33445 4.64628e+12
5.33779 3.06499e+12
5.34114 1.49736e+12
5.34448 1.24501e+11
5.34783 -8.99952e+11
5.35117 -1.57315e+12
5.35452 -1.94362e+12
5.35786 -2.05989e+12
5.3612 -1.97054e+12
5.36455 -1.72411e+12
5.36789 -1.36916e+12
5.37124 -9.5424e+11
5.37458 -5.27909e+11
5.37793 -1.3872e+11
5.38127 1.66841e+11
5.38462 3.74973e+11
5.38796 4.9796e+11
5.3913 5.48811e+11
5.39465 5.40536e+11
5.39799 4.86144e+11
5.40134 3.98645e+11
5.40468 2.9105e+11
5.40803 1.76367e+11
5.41137 6.76073e+10
5.41472 -2.22789e+10
5.41806 -8.58287e+10
5.4214 -1.25487e+11
5.42475 -1.44738e+11
5.42809 -1.47066e+11
5.43144 -1.35958e+11
5.43478 -1.14896e+11
5.43813 -8.73655e+10
5.44147 -5.68517e+10
5.44482 -2.68391e+10
5.44816 -8.12201e+08
5.45151 1.84045e+10
5.45485 3.0927e+10
5.45819 3.76894e+10
5.46154 3.96258e+10
5.46488 3.76702e+10
5.46823 3.27567e+10
5.47157 2.58194e+10
5.47492 1.77925e+10
5.47826 9.60992e+09
5.48161 2.20585e+09
5.48495 -3.54106e+09
5.48829 -7.42491e+09
5.49164 -9.68787e+09
5.49498 -1.05802e+10
5.49833 -1.03523e+10
5.50167 -9.25427e+09
5.50502 -7.53653e+09
5.50836 -5.44934e+09
5.51171 -3.24299e+09
5.51505 -1.16775e+09
5.51839 5.2825e+08
5.52174 1.71696e+09
5.52508 2.4506e+09
5.52843 2.79623e+09
5.53177 2.82092e+09
5.53512 2.59171e+09
5.53846 2.17568e+09
5.54181 1.63989e+09
5.54515 1.0514e+09
5.54849 4.77273e+08
5.55184 -1.54317e+07
5.55518 -3.75393e+08
5.55853 -6.07867e+08
5.56187 -7.30818e+08
5.56522 -7.62207e+08
5.56856 -7.19998e+08
5.57191 -6.22154e+08
5.57525 -4.86637e+08
5.5786 -3.31409e+08
5.58194 -1.74435e+08
5.58528 -3.36759e+07
5.58863 7.43407e+07
5.59197 1.4677e+08
5.59532 1.88346e+08
5.59866 2.03884e+08
5.60201 1.98199e+08
5.60535 1.76106e+08
5.6087 1.42421e+08
5.61204 1.01957e+08
5.61538 5.95306e+07
5.61873 1.99562e+07
5.62207 -1.20231e+07
5.62542 -3.42511e+07
5.62876 -4.78126e+07
5.63211 -5.3998e+07
5.63545 -5.40972e+07
5.6388 -4.94005e+07
5.64214 -4.1198e+07
5.64548 -3.07799e+07
5.64883 -1.94362e+07
5.65217 -8.45711e+06
5.65552 867535
5.65886 7.61368e+06
5.66221 1.19309e+07
5.66555 1.41648e+07
5.6689 1.46608e+07
5.67224 1.37646e+07
5.67559 1.18218e+07
5.67893 9.17782e+06
5.68227 6.17831e+06
5.68562 3.16881e+06
5.68896 494894
5.69231 -1.53412e+06
5.69565 -2.88398e+06
5.699 -3.64666e+06
5.70234 -3.91478e+06
5.70569 -3.78097e+06
5.70903 -3.33785e+06
5.71237 -2.67805e+06
5.71572 -1.8942e+06
5.71906 -1.07892e+06
5.72241 -324826
5.72575 277636
5.7291 692995
5.73244 943348
5.73579 1.05351e+06
5.73913 1.04831e+06
5.74247 952554
5.74582 791061
5.74916 588650
5.75251 370139
5.75585 160344
5.7592 -15944.4
5.76254 -142283
5.76589 -222348
5.76923 -262788
5.77258 -270247
5.77592 -251374
5.77926 -212816
5.78261 -161218
5.78595 -103228
5.7893 -45492.3
5.79264 5341.82
5.79599 43530.4
5.79933 68797.7
5.80268 82916.4
5.80602 87662.9
5.80936 84813.4
5.81271 76144.4
5.81605 63432.1
5.8194 48453
5.82274 32983.3
5.82609 18799.4
5.82943 7614.9
5.83278 -5.8135
5.83612 -4505.63
5.83946 -6361.48
5.84281 -6050.31
5.84615 -4049.05
5.8495 -834.638
5.85284 3115.98
5.85619 7325.88
5.85953 11318.1
5.86288 14617.2
5.86622 16935.2
5.86957 18358.3
5.87291 19016.4
5.87625 19039.8
5.8796 18558.5
5.88294 17702.8
5.88629 16602.8
5.88963 15388.5
5.89298 14190.2
5.89632 13138
5.89967 12340
5.90301 11796.2
5.90635 11473.2
5.9097 11337.8
5.91304 11356.7
5.91639 11496.7
5.91973 11724.4
5.92308 12006.6
5.92642 12310.1
5.92977 12601.4
5.93311 12848.9
5.93645 13042.4
5.9398 13187.1
5.94314 13288.5
5.94649 13352.4
5.94983 13384.3
5.95318 13389.9
5.95652 13374.7
5.95987 13344.4
5.96321 13304.7
5.96656 13261
5.9699 13217
5.97324 13173
5.97659 13129
5.97993 13085
5.98328 13041
5.98662 12997.1
5.98997 12953.1
5.99331 12909.1
5.99666 12865.1
6 12821.1
